{
 "cells": [
  {
   "cell_type": "code",
   "execution_count": 2,
   "metadata": {},
   "outputs": [],
   "source": [
    "import sqlite3"
   ]
  },
  {
   "cell_type": "code",
   "execution_count": 3,
   "metadata": {},
   "outputs": [],
   "source": [
    "import pandas as pd\n",
    "from pandas import Series, DataFrame"
   ]
  },
  {
   "cell_type": "code",
   "execution_count": null,
   "metadata": {},
   "outputs": [],
   "source": []
  },
  {
   "cell_type": "code",
   "execution_count": 4,
   "metadata": {},
   "outputs": [],
   "source": [
    "con = sqlite3.connect(\"C:/python/db/investor.sqlite\")"
   ]
  },
  {
   "cell_type": "code",
   "execution_count": 15,
   "metadata": {},
   "outputs": [],
   "source": [
    "df = pd.read_sql(\n",
    "                 f\"SELECT 일자, 개인, 등록외국인 as 외국인, 증권 as 금융투자, 사모펀드, 기금 as 연기금, 보험, 투신, 은행, 종금 as 기타금융, 국가외 as 국가, 기타법인, 미등록외국인, 기관 as 기관계, 외인계, 기타계 as 기타 FROM '만도' ORDER BY 일자 DESC\",\n",
    "                 con, index_col='일자', parse_dates={'일자': '%Y-%m-%d'})"
   ]
  },
  {
   "cell_type": "code",
   "execution_count": 16,
   "metadata": {},
   "outputs": [
    {
     "data": {
      "text/html": [
       "<div>\n",
       "<style scoped>\n",
       "    .dataframe tbody tr th:only-of-type {\n",
       "        vertical-align: middle;\n",
       "    }\n",
       "\n",
       "    .dataframe tbody tr th {\n",
       "        vertical-align: top;\n",
       "    }\n",
       "\n",
       "    .dataframe thead th {\n",
       "        text-align: right;\n",
       "    }\n",
       "</style>\n",
       "<table border=\"1\" class=\"dataframe\">\n",
       "  <thead>\n",
       "    <tr style=\"text-align: right;\">\n",
       "      <th></th>\n",
       "      <th>개인</th>\n",
       "      <th>외국인</th>\n",
       "      <th>금융투자</th>\n",
       "      <th>사모펀드</th>\n",
       "      <th>연기금</th>\n",
       "      <th>보험</th>\n",
       "      <th>투신</th>\n",
       "      <th>은행</th>\n",
       "      <th>기타금융</th>\n",
       "      <th>국가</th>\n",
       "      <th>기타법인</th>\n",
       "      <th>미등록외국인</th>\n",
       "      <th>기관계</th>\n",
       "      <th>외인계</th>\n",
       "      <th>기타</th>\n",
       "    </tr>\n",
       "    <tr>\n",
       "      <th>일자</th>\n",
       "      <th></th>\n",
       "      <th></th>\n",
       "      <th></th>\n",
       "      <th></th>\n",
       "      <th></th>\n",
       "      <th></th>\n",
       "      <th></th>\n",
       "      <th></th>\n",
       "      <th></th>\n",
       "      <th></th>\n",
       "      <th></th>\n",
       "      <th></th>\n",
       "      <th></th>\n",
       "      <th></th>\n",
       "      <th></th>\n",
       "    </tr>\n",
       "  </thead>\n",
       "  <tbody>\n",
       "    <tr>\n",
       "      <th>2019-02-22</th>\n",
       "      <td>3194</td>\n",
       "      <td>4382</td>\n",
       "      <td>5858</td>\n",
       "      <td>-14692</td>\n",
       "      <td>-2204</td>\n",
       "      <td>552</td>\n",
       "      <td>2974</td>\n",
       "      <td>27</td>\n",
       "      <td>0</td>\n",
       "      <td>0</td>\n",
       "      <td>-100</td>\n",
       "      <td>9</td>\n",
       "      <td>-7485</td>\n",
       "      <td>4391</td>\n",
       "      <td>-100</td>\n",
       "    </tr>\n",
       "    <tr>\n",
       "      <th>2019-02-21</th>\n",
       "      <td>-1891</td>\n",
       "      <td>-10671</td>\n",
       "      <td>-3214</td>\n",
       "      <td>16754</td>\n",
       "      <td>-3484</td>\n",
       "      <td>3614</td>\n",
       "      <td>-715</td>\n",
       "      <td>16</td>\n",
       "      <td>0</td>\n",
       "      <td>0</td>\n",
       "      <td>-207</td>\n",
       "      <td>-202</td>\n",
       "      <td>12971</td>\n",
       "      <td>-10873</td>\n",
       "      <td>-207</td>\n",
       "    </tr>\n",
       "    <tr>\n",
       "      <th>2019-02-20</th>\n",
       "      <td>-38984</td>\n",
       "      <td>-42534</td>\n",
       "      <td>13623</td>\n",
       "      <td>19788</td>\n",
       "      <td>14119</td>\n",
       "      <td>-13663</td>\n",
       "      <td>43949</td>\n",
       "      <td>-4308</td>\n",
       "      <td>0</td>\n",
       "      <td>0</td>\n",
       "      <td>7978</td>\n",
       "      <td>32</td>\n",
       "      <td>73508</td>\n",
       "      <td>-42502</td>\n",
       "      <td>7978</td>\n",
       "    </tr>\n",
       "    <tr>\n",
       "      <th>2019-02-19</th>\n",
       "      <td>131202</td>\n",
       "      <td>-101641</td>\n",
       "      <td>12026</td>\n",
       "      <td>-12259</td>\n",
       "      <td>823</td>\n",
       "      <td>-12900</td>\n",
       "      <td>-6089</td>\n",
       "      <td>1500</td>\n",
       "      <td>0</td>\n",
       "      <td>0</td>\n",
       "      <td>-12650</td>\n",
       "      <td>-12</td>\n",
       "      <td>-16899</td>\n",
       "      <td>-101653</td>\n",
       "      <td>-12650</td>\n",
       "    </tr>\n",
       "    <tr>\n",
       "      <th>2019-02-18</th>\n",
       "      <td>75352</td>\n",
       "      <td>-79178</td>\n",
       "      <td>7824</td>\n",
       "      <td>-2655</td>\n",
       "      <td>-10827</td>\n",
       "      <td>11603</td>\n",
       "      <td>-2670</td>\n",
       "      <td>0</td>\n",
       "      <td>0</td>\n",
       "      <td>0</td>\n",
       "      <td>1336</td>\n",
       "      <td>-785</td>\n",
       "      <td>3275</td>\n",
       "      <td>-79963</td>\n",
       "      <td>1336</td>\n",
       "    </tr>\n",
       "  </tbody>\n",
       "</table>\n",
       "</div>"
      ],
      "text/plain": [
       "                개인     외국인   금융투자   사모펀드    연기금     보험     투신    은행  기타금융  국가  \\\n",
       "일자                                                                              \n",
       "2019-02-22    3194    4382   5858 -14692  -2204    552   2974    27     0   0   \n",
       "2019-02-21   -1891  -10671  -3214  16754  -3484   3614   -715    16     0   0   \n",
       "2019-02-20  -38984  -42534  13623  19788  14119 -13663  43949 -4308     0   0   \n",
       "2019-02-19  131202 -101641  12026 -12259    823 -12900  -6089  1500     0   0   \n",
       "2019-02-18   75352  -79178   7824  -2655 -10827  11603  -2670     0     0   0   \n",
       "\n",
       "             기타법인  미등록외국인    기관계     외인계     기타  \n",
       "일자                                               \n",
       "2019-02-22   -100       9  -7485    4391   -100  \n",
       "2019-02-21   -207    -202  12971  -10873   -207  \n",
       "2019-02-20   7978      32  73508  -42502   7978  \n",
       "2019-02-19 -12650     -12 -16899 -101653 -12650  \n",
       "2019-02-18   1336    -785   3275  -79963   1336  "
      ]
     },
     "execution_count": 16,
     "metadata": {},
     "output_type": "execute_result"
    }
   ],
   "source": [
    "df.head()"
   ]
  },
  {
   "cell_type": "code",
   "execution_count": 7,
   "metadata": {},
   "outputs": [],
   "source": [
    "import seaborn as sns\n",
    "sns.set()"
   ]
  },
  {
   "cell_type": "code",
   "execution_count": 8,
   "metadata": {},
   "outputs": [],
   "source": [
    "%matplotlib inline\n",
    "import matplotlib.pyplot as plt\n",
    "import matplotlib.font_manager as fm\n",
    "\n",
    "plt.rcParams[\"font.family\"] = 'Malgun Gothic'\n",
    "plt.rcParams[\"figure.figsize\"] = (14,4)\n",
    "plt.rcParams['lines.linewidth'] = 2\n",
    "plt.rcParams[\"axes.grid\"] = True"
   ]
  },
  {
   "cell_type": "code",
   "execution_count": 17,
   "metadata": {},
   "outputs": [],
   "source": [
    "df_corr = df.corr()"
   ]
  },
  {
   "cell_type": "code",
   "execution_count": 18,
   "metadata": {},
   "outputs": [
    {
     "data": {
      "text/html": [
       "<div>\n",
       "<style scoped>\n",
       "    .dataframe tbody tr th:only-of-type {\n",
       "        vertical-align: middle;\n",
       "    }\n",
       "\n",
       "    .dataframe tbody tr th {\n",
       "        vertical-align: top;\n",
       "    }\n",
       "\n",
       "    .dataframe thead th {\n",
       "        text-align: right;\n",
       "    }\n",
       "</style>\n",
       "<table border=\"1\" class=\"dataframe\">\n",
       "  <thead>\n",
       "    <tr style=\"text-align: right;\">\n",
       "      <th></th>\n",
       "      <th>개인</th>\n",
       "      <th>외국인</th>\n",
       "      <th>금융투자</th>\n",
       "      <th>사모펀드</th>\n",
       "      <th>연기금</th>\n",
       "      <th>보험</th>\n",
       "      <th>투신</th>\n",
       "      <th>은행</th>\n",
       "      <th>기타금융</th>\n",
       "      <th>국가</th>\n",
       "      <th>기타법인</th>\n",
       "      <th>미등록외국인</th>\n",
       "      <th>기관계</th>\n",
       "      <th>외인계</th>\n",
       "      <th>기타</th>\n",
       "    </tr>\n",
       "  </thead>\n",
       "  <tbody>\n",
       "    <tr>\n",
       "      <th>개인</th>\n",
       "      <td>1.000000</td>\n",
       "      <td>-0.509129</td>\n",
       "      <td>-0.018151</td>\n",
       "      <td>-0.580613</td>\n",
       "      <td>-0.457255</td>\n",
       "      <td>-0.553470</td>\n",
       "      <td>-0.539722</td>\n",
       "      <td>-0.042707</td>\n",
       "      <td>0.086988</td>\n",
       "      <td>-0.377356</td>\n",
       "      <td>0.098982</td>\n",
       "      <td>0.184726</td>\n",
       "      <td>-0.708218</td>\n",
       "      <td>-0.508189</td>\n",
       "      <td>-0.210805</td>\n",
       "    </tr>\n",
       "    <tr>\n",
       "      <th>외국인</th>\n",
       "      <td>-0.509129</td>\n",
       "      <td>1.000000</td>\n",
       "      <td>-0.317380</td>\n",
       "      <td>0.009849</td>\n",
       "      <td>-0.204807</td>\n",
       "      <td>-0.061628</td>\n",
       "      <td>-0.241557</td>\n",
       "      <td>-0.072399</td>\n",
       "      <td>-0.110924</td>\n",
       "      <td>-0.040271</td>\n",
       "      <td>-0.117610</td>\n",
       "      <td>-0.169619</td>\n",
       "      <td>-0.240748</td>\n",
       "      <td>0.999958</td>\n",
       "      <td>-0.113630</td>\n",
       "    </tr>\n",
       "    <tr>\n",
       "      <th>금융투자</th>\n",
       "      <td>-0.018151</td>\n",
       "      <td>-0.317380</td>\n",
       "      <td>1.000000</td>\n",
       "      <td>0.074883</td>\n",
       "      <td>0.004273</td>\n",
       "      <td>0.053877</td>\n",
       "      <td>0.109822</td>\n",
       "      <td>-0.035078</td>\n",
       "      <td>0.106694</td>\n",
       "      <td>0.113835</td>\n",
       "      <td>-0.028266</td>\n",
       "      <td>-0.028159</td>\n",
       "      <td>0.284161</td>\n",
       "      <td>-0.318132</td>\n",
       "      <td>0.064725</td>\n",
       "    </tr>\n",
       "    <tr>\n",
       "      <th>사모펀드</th>\n",
       "      <td>-0.580613</td>\n",
       "      <td>0.009849</td>\n",
       "      <td>0.074883</td>\n",
       "      <td>1.000000</td>\n",
       "      <td>0.273658</td>\n",
       "      <td>0.251083</td>\n",
       "      <td>0.364987</td>\n",
       "      <td>0.055378</td>\n",
       "      <td>-0.104148</td>\n",
       "      <td>0.272637</td>\n",
       "      <td>-0.081718</td>\n",
       "      <td>-0.072979</td>\n",
       "      <td>0.648247</td>\n",
       "      <td>0.009183</td>\n",
       "      <td>0.145050</td>\n",
       "    </tr>\n",
       "    <tr>\n",
       "      <th>연기금</th>\n",
       "      <td>-0.457255</td>\n",
       "      <td>-0.204807</td>\n",
       "      <td>0.004273</td>\n",
       "      <td>0.273658</td>\n",
       "      <td>1.000000</td>\n",
       "      <td>0.396842</td>\n",
       "      <td>0.431459</td>\n",
       "      <td>0.017077</td>\n",
       "      <td>0.014647</td>\n",
       "      <td>0.215674</td>\n",
       "      <td>-0.067540</td>\n",
       "      <td>-0.000237</td>\n",
       "      <td>0.685088</td>\n",
       "      <td>-0.205125</td>\n",
       "      <td>0.112686</td>\n",
       "    </tr>\n",
       "    <tr>\n",
       "      <th>보험</th>\n",
       "      <td>-0.553470</td>\n",
       "      <td>-0.061628</td>\n",
       "      <td>0.053877</td>\n",
       "      <td>0.251083</td>\n",
       "      <td>0.396842</td>\n",
       "      <td>1.000000</td>\n",
       "      <td>0.526561</td>\n",
       "      <td>0.039662</td>\n",
       "      <td>-0.075370</td>\n",
       "      <td>0.279290</td>\n",
       "      <td>-0.109392</td>\n",
       "      <td>-0.008675</td>\n",
       "      <td>0.679054</td>\n",
       "      <td>-0.061804</td>\n",
       "      <td>0.130330</td>\n",
       "    </tr>\n",
       "    <tr>\n",
       "      <th>투신</th>\n",
       "      <td>-0.539722</td>\n",
       "      <td>-0.241557</td>\n",
       "      <td>0.109822</td>\n",
       "      <td>0.364987</td>\n",
       "      <td>0.431459</td>\n",
       "      <td>0.526561</td>\n",
       "      <td>1.000000</td>\n",
       "      <td>0.046726</td>\n",
       "      <td>-0.026437</td>\n",
       "      <td>0.307053</td>\n",
       "      <td>-0.098739</td>\n",
       "      <td>-0.105506</td>\n",
       "      <td>0.811240</td>\n",
       "      <td>-0.242915</td>\n",
       "      <td>0.158592</td>\n",
       "    </tr>\n",
       "    <tr>\n",
       "      <th>은행</th>\n",
       "      <td>-0.042707</td>\n",
       "      <td>-0.072399</td>\n",
       "      <td>-0.035078</td>\n",
       "      <td>0.055378</td>\n",
       "      <td>0.017077</td>\n",
       "      <td>0.039662</td>\n",
       "      <td>0.046726</td>\n",
       "      <td>1.000000</td>\n",
       "      <td>-0.038766</td>\n",
       "      <td>-0.062719</td>\n",
       "      <td>0.104960</td>\n",
       "      <td>0.011258</td>\n",
       "      <td>0.096309</td>\n",
       "      <td>-0.072405</td>\n",
       "      <td>0.027894</td>\n",
       "    </tr>\n",
       "    <tr>\n",
       "      <th>기타금융</th>\n",
       "      <td>0.086988</td>\n",
       "      <td>-0.110924</td>\n",
       "      <td>0.106694</td>\n",
       "      <td>-0.104148</td>\n",
       "      <td>0.014647</td>\n",
       "      <td>-0.075370</td>\n",
       "      <td>-0.026437</td>\n",
       "      <td>-0.038766</td>\n",
       "      <td>1.000000</td>\n",
       "      <td>-0.055053</td>\n",
       "      <td>-0.006793</td>\n",
       "      <td>0.031847</td>\n",
       "      <td>-0.005394</td>\n",
       "      <td>-0.110798</td>\n",
       "      <td>-0.045852</td>\n",
       "    </tr>\n",
       "    <tr>\n",
       "      <th>국가</th>\n",
       "      <td>-0.377356</td>\n",
       "      <td>-0.040271</td>\n",
       "      <td>0.113835</td>\n",
       "      <td>0.272637</td>\n",
       "      <td>0.215674</td>\n",
       "      <td>0.279290</td>\n",
       "      <td>0.307053</td>\n",
       "      <td>-0.062719</td>\n",
       "      <td>-0.055053</td>\n",
       "      <td>1.000000</td>\n",
       "      <td>-0.057359</td>\n",
       "      <td>-0.064311</td>\n",
       "      <td>0.460231</td>\n",
       "      <td>-0.040933</td>\n",
       "      <td>0.704357</td>\n",
       "    </tr>\n",
       "    <tr>\n",
       "      <th>기타법인</th>\n",
       "      <td>0.098982</td>\n",
       "      <td>-0.117610</td>\n",
       "      <td>-0.028266</td>\n",
       "      <td>-0.081718</td>\n",
       "      <td>-0.067540</td>\n",
       "      <td>-0.109392</td>\n",
       "      <td>-0.098739</td>\n",
       "      <td>0.104960</td>\n",
       "      <td>-0.006793</td>\n",
       "      <td>-0.057359</td>\n",
       "      <td>1.000000</td>\n",
       "      <td>0.016147</td>\n",
       "      <td>-0.116002</td>\n",
       "      <td>-0.117641</td>\n",
       "      <td>0.668276</td>\n",
       "    </tr>\n",
       "    <tr>\n",
       "      <th>미등록외국인</th>\n",
       "      <td>0.184726</td>\n",
       "      <td>-0.169619</td>\n",
       "      <td>-0.028159</td>\n",
       "      <td>-0.072979</td>\n",
       "      <td>-0.000237</td>\n",
       "      <td>-0.008675</td>\n",
       "      <td>-0.105506</td>\n",
       "      <td>0.011258</td>\n",
       "      <td>0.031847</td>\n",
       "      <td>-0.064311</td>\n",
       "      <td>0.016147</td>\n",
       "      <td>1.000000</td>\n",
       "      <td>-0.075907</td>\n",
       "      <td>-0.160543</td>\n",
       "      <td>-0.036440</td>\n",
       "    </tr>\n",
       "    <tr>\n",
       "      <th>기관계</th>\n",
       "      <td>-0.708218</td>\n",
       "      <td>-0.240748</td>\n",
       "      <td>0.284161</td>\n",
       "      <td>0.648247</td>\n",
       "      <td>0.685088</td>\n",
       "      <td>0.679054</td>\n",
       "      <td>0.811240</td>\n",
       "      <td>0.096309</td>\n",
       "      <td>-0.005394</td>\n",
       "      <td>0.460231</td>\n",
       "      <td>-0.116002</td>\n",
       "      <td>-0.075907</td>\n",
       "      <td>1.000000</td>\n",
       "      <td>-0.241828</td>\n",
       "      <td>0.260457</td>\n",
       "    </tr>\n",
       "    <tr>\n",
       "      <th>외인계</th>\n",
       "      <td>-0.508189</td>\n",
       "      <td>0.999958</td>\n",
       "      <td>-0.318132</td>\n",
       "      <td>0.009183</td>\n",
       "      <td>-0.205125</td>\n",
       "      <td>-0.061804</td>\n",
       "      <td>-0.242915</td>\n",
       "      <td>-0.072405</td>\n",
       "      <td>-0.110798</td>\n",
       "      <td>-0.040933</td>\n",
       "      <td>-0.117641</td>\n",
       "      <td>-0.160543</td>\n",
       "      <td>-0.241828</td>\n",
       "      <td>1.000000</td>\n",
       "      <td>-0.114146</td>\n",
       "    </tr>\n",
       "    <tr>\n",
       "      <th>기타</th>\n",
       "      <td>-0.210805</td>\n",
       "      <td>-0.113630</td>\n",
       "      <td>0.064725</td>\n",
       "      <td>0.145050</td>\n",
       "      <td>0.112686</td>\n",
       "      <td>0.130330</td>\n",
       "      <td>0.158592</td>\n",
       "      <td>0.027894</td>\n",
       "      <td>-0.045852</td>\n",
       "      <td>0.704357</td>\n",
       "      <td>0.668276</td>\n",
       "      <td>-0.036440</td>\n",
       "      <td>0.260457</td>\n",
       "      <td>-0.114146</td>\n",
       "      <td>1.000000</td>\n",
       "    </tr>\n",
       "  </tbody>\n",
       "</table>\n",
       "</div>"
      ],
      "text/plain": [
       "              개인       외국인      금융투자      사모펀드       연기금        보험        투신  \\\n",
       "개인      1.000000 -0.509129 -0.018151 -0.580613 -0.457255 -0.553470 -0.539722   \n",
       "외국인    -0.509129  1.000000 -0.317380  0.009849 -0.204807 -0.061628 -0.241557   \n",
       "금융투자   -0.018151 -0.317380  1.000000  0.074883  0.004273  0.053877  0.109822   \n",
       "사모펀드   -0.580613  0.009849  0.074883  1.000000  0.273658  0.251083  0.364987   \n",
       "연기금    -0.457255 -0.204807  0.004273  0.273658  1.000000  0.396842  0.431459   \n",
       "보험     -0.553470 -0.061628  0.053877  0.251083  0.396842  1.000000  0.526561   \n",
       "투신     -0.539722 -0.241557  0.109822  0.364987  0.431459  0.526561  1.000000   \n",
       "은행     -0.042707 -0.072399 -0.035078  0.055378  0.017077  0.039662  0.046726   \n",
       "기타금융    0.086988 -0.110924  0.106694 -0.104148  0.014647 -0.075370 -0.026437   \n",
       "국가     -0.377356 -0.040271  0.113835  0.272637  0.215674  0.279290  0.307053   \n",
       "기타법인    0.098982 -0.117610 -0.028266 -0.081718 -0.067540 -0.109392 -0.098739   \n",
       "미등록외국인  0.184726 -0.169619 -0.028159 -0.072979 -0.000237 -0.008675 -0.105506   \n",
       "기관계    -0.708218 -0.240748  0.284161  0.648247  0.685088  0.679054  0.811240   \n",
       "외인계    -0.508189  0.999958 -0.318132  0.009183 -0.205125 -0.061804 -0.242915   \n",
       "기타     -0.210805 -0.113630  0.064725  0.145050  0.112686  0.130330  0.158592   \n",
       "\n",
       "              은행      기타금융        국가      기타법인    미등록외국인       기관계       외인계  \\\n",
       "개인     -0.042707  0.086988 -0.377356  0.098982  0.184726 -0.708218 -0.508189   \n",
       "외국인    -0.072399 -0.110924 -0.040271 -0.117610 -0.169619 -0.240748  0.999958   \n",
       "금융투자   -0.035078  0.106694  0.113835 -0.028266 -0.028159  0.284161 -0.318132   \n",
       "사모펀드    0.055378 -0.104148  0.272637 -0.081718 -0.072979  0.648247  0.009183   \n",
       "연기금     0.017077  0.014647  0.215674 -0.067540 -0.000237  0.685088 -0.205125   \n",
       "보험      0.039662 -0.075370  0.279290 -0.109392 -0.008675  0.679054 -0.061804   \n",
       "투신      0.046726 -0.026437  0.307053 -0.098739 -0.105506  0.811240 -0.242915   \n",
       "은행      1.000000 -0.038766 -0.062719  0.104960  0.011258  0.096309 -0.072405   \n",
       "기타금융   -0.038766  1.000000 -0.055053 -0.006793  0.031847 -0.005394 -0.110798   \n",
       "국가     -0.062719 -0.055053  1.000000 -0.057359 -0.064311  0.460231 -0.040933   \n",
       "기타법인    0.104960 -0.006793 -0.057359  1.000000  0.016147 -0.116002 -0.117641   \n",
       "미등록외국인  0.011258  0.031847 -0.064311  0.016147  1.000000 -0.075907 -0.160543   \n",
       "기관계     0.096309 -0.005394  0.460231 -0.116002 -0.075907  1.000000 -0.241828   \n",
       "외인계    -0.072405 -0.110798 -0.040933 -0.117641 -0.160543 -0.241828  1.000000   \n",
       "기타      0.027894 -0.045852  0.704357  0.668276 -0.036440  0.260457 -0.114146   \n",
       "\n",
       "              기타  \n",
       "개인     -0.210805  \n",
       "외국인    -0.113630  \n",
       "금융투자    0.064725  \n",
       "사모펀드    0.145050  \n",
       "연기금     0.112686  \n",
       "보험      0.130330  \n",
       "투신      0.158592  \n",
       "은행      0.027894  \n",
       "기타금융   -0.045852  \n",
       "국가      0.704357  \n",
       "기타법인    0.668276  \n",
       "미등록외국인 -0.036440  \n",
       "기관계     0.260457  \n",
       "외인계    -0.114146  \n",
       "기타      1.000000  "
      ]
     },
     "execution_count": 18,
     "metadata": {},
     "output_type": "execute_result"
    }
   ],
   "source": [
    "df_corr"
   ]
  },
  {
   "cell_type": "code",
   "execution_count": 11,
   "metadata": {},
   "outputs": [],
   "source": [
    "%matplotlib inline"
   ]
  },
  {
   "cell_type": "code",
   "execution_count": 19,
   "metadata": {},
   "outputs": [
    {
     "data": {
      "text/plain": [
       "<matplotlib.axes._subplots.AxesSubplot at 0x1870f130>"
      ]
     },
     "execution_count": 19,
     "metadata": {},
     "output_type": "execute_result"
    },
    {
     "data": {
